V=10.4;
L=0.164;
rho=1.225;
miu=1.983e-5;
RE=rho*V*L/miu